0 0.7256059113300494 0.733103448275862 0.12687684729064044 0.20275862068965522
0 0.7645024630541871 0.6765517241379311 0.15466009852216744 0.22206896551724134
0 0.7733004926108376 0.5641379310344827 0.1629950738916257 0.16275862068965516
0 0.732088669950739 0.4048275862068965 0.16206896551724143 0.27999999999999997
0 0.5607586206896552 0.3124137931034483 0.16206896551724134 0.24689655172413802
0 0.12456157635467982 0.6937931034482758 0.16021674876847292 0.21517241379310356
0 0.07686699507389162 0.5834482758620689 0.12595073891625616 0.20413793103448277
2 0.2694975369458128 0.7682758620689656 0.1870738916256158 0.26758620689655177
2 0.8626699507389164 0.526896551724138 0.14725123152709357 0.19862068965517238
2 0.8848965517241381 0.6924137931034483 0.13613793103448274 0.24275862068965523
1 0.45934975369458114 0.5889655172413792 0.5612216748768473 0.41103448275862037
